hi_sem_mos=3.57696846798519
lo_sem_mos=3.552612712604034
smooth_gain_avg=3.558701651449323
